20
394.382927 840.187717 4 1 2 3 19
798.440033 783.099224 2 0 2
197.551369 911.647358 3 0 1 3
768.229595 335.222756 5 0 2 4 15 19
553.969956 277.774711 8 3 5 6 9 12 13 14 15
628.870925 477.397052 2 4 6
513.400910 364.784473 5 4 5 7 8 9
916.195068 952.229725 2 6 8
717.296929 635.711728 3 6 7 9
606.968876 141.602555 6 4 6 8 10 11 12
242.886771 16.300572 2 9 11
804.176754 137.231577 3 9 10 12
400.944394 156.679089 4 4 9 11 13
108.808802 129.790447 3 4 12 14
218.256905 998.924518 3 4 13 15
839.112235 512.932394 7 3 4 14 16 17 18 19
296.031618 612.639833 2 15 17
524.287190 637.552268 3 15 16 18
972.775024 493.582987 3 15 17 19
771.357698 292.516784 4 0 3 15 18
