40
530.700334 0.000286 6 1 2 10 20 28 39
734.078055 0.000990 2 0 2
780.665674 0.001921 5 0 1 3 9 10
938.864581 0.006514 3 2 4 9
998.386893 0.018625 6 3 5 6 7 8 9
999.007206 0.260504 2 4 6
999.315550 2.312115 3 4 5 7
999.585606 4.157464 3 4 6 8
999.973380 8.948625 3 4 7 9
999.994290 31.969227 5 2 3 4 8 10
999.998246 336.156757 5 0 2 9 11 20
999.998946 877.496090 5 10 12 18 19 20
999.996858 951.247825 3 11 13 18
999.980847 966.612053 3 12 14 18
999.948752 986.820133 3 13 15 18
999.879204 998.638040 4 14 16 17 18
999.855670 998.984763 2 15 17
998.768771 999.959758 3 15 16 18
997.133813 999.989599 7 11 12 13 14 15 17 19
699.546255 999.998858 3 11 18 20
446.297988 999.998312 7 0 10 11 19 21 27 28
60.831284 999.993223 4 20 22 26 27
12.174426 999.975242 4 21 23 25 26
1.920765 999.866800 3 22 24 25
0.119055 999.749872 2 23 25
0.059472 997.492796 4 22 23 24 26
0.003820 962.359325 4 21 22 25 27
0.001168 903.180367 4 20 21 26 28
0.001086 208.784107 6 0 20 27 29 38 39
0.003213 10.202510 7 28 30 31 35 36 37 38
0.033802 7.063279 2 29 31
0.437998 1.632109 5 29 30 32 34 35
0.817971 0.793765 3 31 33 34
1.835252 0.342174 2 32 34
2.367561 0.248470 4 31 32 33 35
6.961633 0.068368 4 29 31 34 36
19.101701 0.012994 3 29 35 37
54.068723 0.002182 3 29 36 38
113.314466 0.001188 4 28 29 37 39
338.588751 0.000400 3 0 28 38

